4   -0.387016   6.42263e-05
4   -0.372909   0.000443287
4   -0.358803   0.000749275
4   -0.344697   0.00326295
4   -0.33059   0.00813415
4   -0.316484   0.0181951
4   -0.302378   0.038005
4   -0.288271   0.0761091
4   -0.274165   0.145324
4   -0.260059   0.249185
4   -0.245952   0.384243
4   -0.231846   0.566064
4   -0.217739   0.81337
4   -0.203633   1.08288
4   -0.189527   1.40879
4   -0.17542   1.75207
4   -0.161314   2.10601
4   -0.147208   2.4467
4   -0.133101   2.72951
4   -0.118995   2.99227
4   -0.104888   3.22045
4   -0.090782   3.33744
4   -0.0766756   3.43107
4   -0.0625693   3.42674
4   -0.0484629   3.40553
4   -0.0343565   3.33002
4   -0.0202501   3.21688
4   -0.00614378   3.05364
4   0.0079626   2.86566
4   0.022069   2.67846
4   0.0361753   2.45501
4   0.0502817   2.24929
4   0.0643881   2.02839
4   0.0784945   1.83817
4   0.0926008   1.63089
4   0.106707   1.47108
4   0.120814   1.30085
4   0.13492   1.1587
4   0.149026   1.00419
4   0.163133   0.879452
4   0.177239   0.774381
4   0.191345   0.68033
4   0.205452   0.598635
4   0.219558   0.513877
4   0.233665   0.439904
4   0.247771   0.387921
4   0.261877   0.332205
4   0.275984   0.294919
4   0.29009   0.254468
4   0.304196   0.221173
4   0.318303   0.190856
4   0.332409   0.16835
4   0.346516   0.144835
4   0.360622   0.124286
4   0.374728   0.11262
4   0.388835   0.095433
4   0.402941   0.0837189
4   0.417047   0.0726303
4   0.431154   0.0649533
4   0.44526   0.0552975
4   0.459367   0.0516577
4   0.473473   0.0447133
4   0.487579   0.039614
4   0.501686   0.0323776
4   0.515792   0.0294504
4   0.529898   0.0268555
4   0.544005   0.0239985
4   0.558111   0.0206422
4   0.572218   0.0187041
4   0.586324   0.0173744
4   0.60043   0.014882
4   0.614537   0.0145556
4   0.628643   0.0124443
4   0.642749   0.0102059
4   0.656856   0.00965591
4   0.670962   0.00914161
4   0.685069   0.00844197
4   0.699175   0.00802025
4   0.713281   0.00722398
4   0.727388   0.00617449
4   0.741494   0.00556855
4   0.7556   0.0047735
4   0.769707   0.00436323
4   0.783813   0.00430212
4   0.79792   0.00408475
4   0.812026   0.00302065
4   0.826132   0.00255832
4   0.840239   0.00263543
4   0.854345   0.00263563
4   0.868451   0.00247061
4   0.882558   0.00221947
4   0.896664   0.001708
4   0.910771   0.00192967
4   0.924877   0.00179886
4   0.938983   0.00184189
4   0.95309   0.00153022
4   0.967196   0.00127666
4   0.981302   0.00125878
4   0.995409   0.0013701
4   1.00952   0.00100126
4   1.02362   0.000877544
4   1.03773   0.00108156
4   1.05183   0.000929305
4   1.06594   0.000660929
4   1.08005   0.000859021
4   1.09415   0.000657146
4   1.10826   0.000763131
4   1.12237   0.000553683
4   1.13647   0.000741901
4   1.15058   0.000621093
4   1.16469   0.000544349
4   1.17879   0.000442798
4   1.1929   0.000449825
4   1.207   0.000443525
4   1.22111   0.000540209
4   1.23522   0.000342413
4   1.24932   0.000362625
4   1.26343   0.000332887
4   1.27754   0.000364694
4   1.29164   0.000191779
4   1.30575   0.000248184
4   1.31986   0.000291319
4   1.33396   0.000160853
4   1.34807   0.000271886
4   1.36217   0.000279247
4   1.37628   0.000198242
4   1.39039   0.000162888
4   1.40449   0.000149899
4   1.4186   0.000147799
4   1.43271   0.000197775
4   1.44681   0.000164214
4   1.46092   0.000212512
4   1.47503   0.000229491
4   1.48913   8.85431e-05
4   1.50324   0.000126104
4   1.51734   9.56444e-05
4   1.53145   0.000103735
4   1.54556   0.000120879
4   1.55966   6.41769e-05
4   1.57377   0.000108476
4   1.58788   8.02178e-05
4   1.60198   7.03059e-05
4   1.61609   0.000103982
4   1.6302   7.68938e-05
4   1.6443   7.58168e-05
4   1.65841   9.9673e-05
4   1.67251   6.55179e-05
4   1.68662   8.88253e-05
4   1.70073   5.57334e-05
4   1.71483   5.49527e-05
4   1.72894   6.96638e-05
4   1.74305   3.0528e-05
4   1.75715   3.76255e-05
4   1.77126   5.19378e-05
4   1.78537   2.9263e-05
4   1.79947   2.16399e-05
4   1.81358   4.97857e-05
4   1.82768   2.10379e-05
4   1.84179   6.22296e-05
4   1.8559   3.40877e-05
4   1.87   4.70543e-05
4   1.88411   5.30231e-05
4   1.89822   5.22804e-05
4   1.91232   4.51046e-05
4   1.92643   5.0826e-05
4   1.94054   3.13213e-05
4   1.95464   2.47061e-05
4   1.96875   4.263e-05
4   1.98285   2.40188e-05
4   1.99696   0
4   2.01107   1.16753e-05
4   2.02517   2.87794e-05
4   2.03928   3.97268e-05
4   2.05339   1.67873e-05
4   2.06749   3.86217e-05
4   2.0816   3.26406e-05
4   2.09571   1.60917e-05
4   2.10981   2.64438e-05
4   2.12392   2.08587e-05
4   2.13803   0
4   2.15213   2.53481e-05
4   2.16624   1.49958e-05
4   2.18034   0
4   2.19445   2.42978e-05
4   2.20856   1.43744e-05
4   2.22266   4.72437e-06
4   2.23677   1.39746e-05
4   2.25088   1.37788e-05
4   2.26498   4.52861e-06
4   2.27909   8.93035e-06
4   2.2932   1.32079e-05
4   2.3073   4.34096e-06
4   2.32141   1.71206e-05
4   2.33551   1.26606e-05
4   2.34962   4.16109e-06
4   2.36373   0
4   2.37783   4.04533e-06
4   2.39194   3.98867e-06
4   2.40605   1.17984e-05
4   2.42015   3.87771e-06
4   2.43426   7.64678e-06
4   2.44837   1.50793e-05
4   2.46247   1.11511e-05
4   2.47658   7.32993e-06
4   2.49068   7.22726e-06
4   2.50479   7.12602e-06
4   2.5189   3.5131e-06
4   2.533   1.38556e-05
4   2.54711   6.83075e-06
4   2.56122   3.36753e-06
4   2.57532   3.32036e-06
4   2.58943   3.27385e-06
4   2.60354   3.228e-06
4   2.61764   3.18278e-06
4   2.63175   0
4   2.64585   1.54712e-05
4   2.65996   3.0509e-06
4   2.67407   0
4   2.68817   5.93205e-06
4   2.70228   2.92448e-06
4   2.71639   2.88352e-06
4   2.73049   5.68625e-06
4   2.7446   2.8033e-06
4   2.75871   5.52807e-06
4   2.77281   2.72532e-06
4   2.78692   2.68714e-06
4   2.80102   2.6495e-06
4   2.81513   1.3062e-05
4   2.82924   2.5758e-06
4   2.84334   5.07944e-06
4   2.85745   0
4   2.87156   2.46907e-06
4   2.88566   0
4   2.89977   4.80076e-06
4   2.91388   2.36676e-06
4   2.92798   7.00082e-06
4   2.94209   2.30092e-06
4   2.95619   2.26869e-06
4   2.9703   0
4   2.98441   4.41116e-06
4   2.99851   2.17468e-06
4   3.01262   6.43267e-06
4   3.02673   2.11419e-06
4   3.04083   1.04229e-05
4   3.05494   2.05537e-06
4   3.06905   0
4   3.08315   1.9982e-06
4   3.09726   0
4   3.11136   1.94261e-06
4   3.12547   0
4   3.13958   0
4   3.15368   1.86212e-06
4   3.16779   3.67206e-06
4   3.1819   0
4   3.196   3.56991e-06
4   3.21011   0
4   3.22422   0
4   3.23832   1.71099e-06
4   3.25243   0
4   3.26653   1.6634e-06
4   3.28064   0
4   3.29475   1.61712e-06
4   3.30885   0
4   3.32296   0
4   3.33707   0
4   3.35117   0
5   -0.444876   7.26243e-05
5   -0.429661   0.000214583
5   -0.414447   0.000211343
5   -0.399233   6.93841e-05
5   -0.384019   0.000683364
5   -0.368804   0.00309601
5   -0.35359   0.00815347
5   -0.338376   0.0184764
5   -0.323162   0.0387739
5   -0.307948   0.0776436
5   -0.292733   0.140093
5   -0.277519   0.241799
5   -0.262305   0.383906
5   -0.247091   0.559983
5   -0.231877   0.79146
5   -0.216662   1.07201
5   -0.201448   1.35324
5   -0.186234   1.68365
5   -0.17102   2.00577
5   -0.155806   2.31838
5   -0.140591   2.59339
5   -0.125377   2.82559
5   -0.110163   3.01277
5   -0.0949487   3.13997
5   -0.0797345   3.20018
5   -0.0645203   3.21491
5   -0.0493061   3.17287
5   -0.0340919   3.07594
5   -0.0188777   2.95968
5   -0.00366346   2.78657
5   0.0115507   2.6158
5   0.026765   2.44575
5   0.0419792   2.2456
5   0.0571934   2.04874
5   0.0724076   1.84818
5   0.0876218   1.66942
5   0.102836   1.49004
5   0.11805   1.33026
5   0.133264   1.17932
5   0.148479   1.03838
5   0.163693   0.917032
5   0.178907   0.795882
5   0.194121   0.704402
5   0.209335   0.610141
5   0.22455   0.528308
5   0.239764   0.455034
5   0.254978   0.401417
5   0.270192   0.343419
5   0.285407   0.304994
5   0.300621   0.26238
5   0.315835   0.229332
5   0.331049   0.197489
5   0.346263   0.171856
5   0.361478   0.147666
5   0.376692   0.13081
5   0.391906   0.111032
5   0.40712   0.0979551
5   0.422334   0.0864379
5   0.437549   0.0724215
5   0.452763   0.0643432
5   0.467977   0.0549473
5   0.483191   0.0476293
5   0.498405   0.0419618
5   0.51362   0.0380699
5   0.528834   0.0331888
5   0.544048   0.0288246
5   0.559262   0.0256754
5   0.574476   0.0224314
5   0.589691   0.0215507
5   0.604905   0.0176412
5   0.620119   0.0157475
5   0.635333   0.0150905
5   0.650548   0.0119242
5   0.665762   0.011481
5   0.680976   0.010648
5   0.69619   0.00986081
5   0.711404   0.00818087
5   0.726619   0.00729212
5   0.741833   0.00673868
5   0.757047   0.0066151
5   0.772261   0.00552611
5   0.787475   0.00468027
5   0.80269   0.00477647
5   0.817904   0.00400589
5   0.833118   0.00392517
5   0.848332   0.00326808
5   0.863546   0.00331687
5   0.878761   0.00243559
5   0.893975   0.0023417
5   0.909189   0.00255011
5   0.924403   0.00232693
5   0.939618   0.00216447
5   0.954832   0.00211387
5   0.970046   0.00144678
5   0.98526   0.00145969
5   1.00047   0.00147188
5   1.01569   0.00126424
5   1.0309   0.00139457
5   1.04612   0.00101378
5   1.06133   0.00125614
5   1.07655   0.00101512
5   1.09176   0.000827953
5   1.10697   0.000984697
5   1.12219   0.000894061
5   1.1374   0.000835787
5   1.15262   0.000823168
5   1.16783   0.000593576
5   1.18304   0.000556096
5   1.19826   0.000533656
5   1.21347   0.000497935
5   1.22869   0.000422304
5   1.2439   0.000550097
5   1.25912   0.000396433
5   1.27433   0.000364417
5   1.28954   0.00039737
5   1.30476   0.00036612
5   1.31997   0.000373026
5   1.33519   0.000342901
5   1.3504   0.000313601
5   1.36562   0.000237589
5   1.38083   0.000269102
5   1.39604   0.000241992
5   1.41126   0.00020429
5   1.42647   0.000257095
5   1.44169   0.00015413
5   1.4569   0.000173489
5   1.47211   0.000181549
5   1.48733   0.00022088
5   1.50254   0.000186467
5   1.51776   9.18257e-05
5   1.53297   0.000120586
5   1.54819   0.000128662
5   1.5634   0.000107224
5   1.57861   0.000124806
5   1.59383   6.61885e-05
5   1.60904   9.31273e-05
5   1.62426   7.33769e-05
5   1.63947   9.03362e-05
5   1.65469   0.000115664
5   1.6699   0.000148969
5   1.68511   7.76752e-05
5   1.70033   0.000102003
5   1.71554   9.2091e-05
5   1.73076   5.77185e-05
5   1.74597   8.12101e-05
5   1.76118   4.79903e-05
5   1.7764   3.93881e-05
5   1.79161   6.20694e-05
5   1.80683   6.87737e-05
5   1.82204   8.27876e-05
5   1.83726   3.70625e-05
5   1.85247   5.11041e-05
5   1.86768   2.87614e-05
5   1.8829   6.37361e-05
5   1.89811   6.27737e-05
5   1.91333   2.06086e-05
5   1.92854   2.70633e-05
5   1.94376   3.9982e-05
5   1.95897   4.59413e-05
5   1.97418   3.87837e-05
5   1.9894   5.09308e-05
5   2.00461   3.76214e-05
5   2.01983   3.08778e-05
5   2.03504   1.82469e-05
5   2.05025   4.19333e-05
5   2.06547   1.18e-05
5   2.08068   0
5   2.0959   3.43392e-05
5   2.11111   2.25471e-05
5   2.12633   1.6655e-05
5   2.14154   1.09357e-05
5   2.15675   3.23117e-05
5   2.17197   1.59119e-05
5   2.18718   0
5   2.2024   2.058e-05
5   2.21761   1.01347e-05
5   2.23283   3.49357e-05
5   2.24804   1.47464e-05
5   2.26325   1.45237e-05
5   2.27847   3.81451e-05
5   2.29368   1.87846e-05
5   2.3089   0
5   2.32411   2.73324e-05
5   2.33932   4.48662e-06
5   2.35454   2.20944e-05
5   2.36975   1.30565e-05
5   2.38497   1.28593e-05
5   2.40018   8.44344e-06
5   2.4154   1.66319e-05
5   2.43061   2.45712e-05
5   2.44582   1.21001e-05
5   2.46104   3.97246e-06
5   2.47625   7.82496e-06
5   2.49147   3.85341e-06
5   2.50668   1.89761e-05
5   2.5219   1.12138e-05
5   2.53711   7.36296e-06
5   2.55232   0
5   2.56754   1.07134e-05
5   2.58275   0
5   2.59797   0
5   2.61318   3.41181e-06
5   2.62839   6.7206e-06
5   2.64361   0
5   2.65882   0
5   2.67404   0
5   2.68925   9.4857e-06
5   2.70447   0
5   2.71968   3.06714e-06
5   2.73489   0
5   2.75011   2.97521e-06
5   2.76532   2.93029e-06
5   2.78054   2.88605e-06
5   2.79575   5.68494e-06
5   2.81097   8.39866e-06
5   2.82618   5.51456e-06
5   2.84139   2.71565e-06
5   2.85661   8.02394e-06
5   2.87182   5.26852e-06
5   2.88704   5.18897e-06
5   2.90225   1.02212e-05
5   2.91746   5.03346e-06
5   2.93268   7.43619e-06
5   2.94789   4.8826e-06
5   2.96311   7.21332e-06
5   2.97832   7.10441e-06
5   2.99354   1.16619e-05
5   3.00875   2.29716e-06
5   3.02396   4.52495e-06
5   3.03918   2.22832e-06
5   3.05439   6.58401e-06
5   3.06961   2.16153e-06
5   3.08482   4.25779e-06
5   3.10004   2.09675e-06
5   3.11525   4.13019e-06
5   3.13046   0
5   3.14568   0
5   3.16089   1.97296e-06
5   3.17611   3.88633e-06
5   3.19132   1.91383e-06
5   3.20653   0
5   3.22175   1.85647e-06
5   3.23696   0
5   3.25218   1.80083e-06
5   3.26739   0
5   3.28261   1.74686e-06
5   3.29782   0
5   3.31303   1.6945e-06
5   3.32825   0
5   3.34346   4.93116e-06
5   3.35868   0
5   3.37389   1.59446e-06
5   3.38911   3.14077e-06
5   3.40432   0
5   3.41953   3.04664e-06
5   3.43475   1.50032e-06
5   3.44996   0
5   3.46518   0
5   3.48039   0
5   3.4956   0
5   3.51082   1.39042e-06
5   3.52603   0
5   3.54125   0
5   3.55646   0
5   3.57168   0
5   3.58689   1.28857e-06
5   3.6021   0
5   3.61732   0
5   3.63253   2.46216e-06
5   3.64775   0
5   3.66296   1.19418e-06
5   3.67818   0
5   3.69339   0
5   3.7086   0
5   3.72382   0
6   -0.424313   0.000309847
6   -0.408408   0.00106735
6   -0.392502   0.00150073
6   -0.376596   0.0060559
6   -0.36069   0.0149735
6   -0.344784   0.0351977
6   -0.328879   0.0687212
6   -0.312973   0.124116
6   -0.297067   0.208371
6   -0.281161   0.338672
6   -0.265255   0.500024
6   -0.24935   0.70185
6   -0.233444   0.953568
6   -0.217538   1.24397
6   -0.201632   1.54803
6   -0.185727   1.84725
6   -0.169821   2.15244
6   -0.153915   2.39097
6   -0.138009   2.64034
6   -0.122103   2.83097
6   -0.106198   2.95311
6   -0.0902919   3.03431
6   -0.0743861   3.06498
6   -0.0584804   3.02548
6   -0.0425746   2.95209
6   -0.0266688   2.85294
6   -0.010763   2.71566
6   0.00514275   2.55166
6   0.0210485   2.37945
6   0.0369543   2.17785
6   0.0528601   2.00746
6   0.0687659   1.81578
6   0.0846716   1.64143
6   0.100577   1.4763
6   0.116483   1.30845
6   0.132389   1.16843
6   0.148295   1.02896
6   0.164201   0.90199
6   0.180106   0.800991
6   0.196012   0.706788
6   0.211918   0.60519
6   0.227824   0.53253
6   0.243729   0.450494
6   0.259635   0.400583
6   0.275541   0.34948
6   0.291447   0.296899
6   0.307353   0.258934
6   0.323258   0.220406
6   0.339164   0.195954
6   0.35507   0.170086
6   0.370976   0.14705
6   0.386881   0.129482
6   0.402787   0.112974
6   0.418693   0.0967214
6   0.434599   0.0856789
6   0.450505   0.073346
6   0.46641   0.0633518
6   0.482316   0.0559386
6   0.498222   0.0504063
6   0.514128   0.0429739
6   0.530033   0.038448
6   0.545939   0.0332616
6   0.561845   0.029385
6   0.577751   0.0257931
6   0.593657   0.0244345
6   0.609562   0.0198617
6   0.625468   0.0188163
6   0.641374   0.0157441
6   0.65728   0.0143138
6   0.673185   0.0117356
6   0.689091   0.0113978
6   0.704997   0.0103415
6   0.720903   0.00919254
6   0.736809   0.00858662
6   0.752714   0.00694711
6   0.76862   0.00627357
6   0.784526   0.00640583
6   0.800432   0.00605438
6   0.816337   0.00501797
6   0.832243   0.00405686
6   0.848149   0.00444855
6   0.864055   0.00365219
6   0.879961   0.00386783
6   0.895866   0.00326887
6   0.911772   0.00268786
6   0.927678   0.00270557
6   0.943584   0.00242618
6   0.959489   0.00223258
6   0.975395   0.00177699
6   0.991301   0.00169253
6   1.00721   0.00151775
6   1.02311   0.00143915
6   1.03902   0.00132679
6   1.05492   0.00141174
6   1.07083   0.00119841
6   1.08674   0.00102565
6   1.10264   0.000975816
6   1.11855   0.000960418
6   1.13445   0.000798584
6   1.15036   0.000769942
6   1.16626   0.000820941
6   1.18217   0.000901216
6   1.19808   0.000734065
6   1.21398   0.000752585
6   1.22989   0.000488868
6   1.24579   0.000437412
6   1.2617   0.000516612
6   1.27761   0.000593203
6   1.29351   0.000430931
6   1.30942   0.000355723
6   1.32532   0.000390507
6   1.34123   0.000371092
6   1.35713   0.00022175
6   1.37304   0.000282443
6   1.38895   0.000391707
6   1.40485   0.00023629
6   1.42076   0.000293762
6   1.43666   0.000204798
6   1.45257   0.000248993
6   1.46847   0.000210055
6   1.48438   0.000229712
6   1.50029   0.000169565
6   1.51619   0.000200267
6   1.5321   0.000186157
6   1.548   0.000193997
6   1.56391   0.000116683
6   1.57981   8.35211e-05
6   1.59572   9.24785e-05
6   1.61163   7.07927e-05
6   1.62753   5.9722e-05
6   1.64344   0.000127356
6   1.65934   0.000154272
6   1.67525   0.000104388
6   1.69116   6.53807e-05
6   1.70706   0.000156276
6   1.72297   8.14289e-05
6   1.73887   6.23342e-05
6   1.75478   8.76436e-05
6   1.77068   8.62606e-05
6   1.78659   7.64095e-05
6   1.8025   6.68478e-05
6   1.8184   5.75688e-05
6   1.83431   5.66604e-05
6   1.85021   0.000103566
6   1.86612   5.48863e-05
6   1.88202   4.6303e-05
6   1.89793   6.07632e-05
6   1.91384   4.48532e-05
6   1.92974   5.88606e-05
6   1.94565   0.000101381
6   1.96155   7.1272e-05
6   1.97746   2.80589e-05
6   1.99337   4.83283e-05
6   2.00927   6.11559e-05
6   2.02518   6.01909e-05
6   2.04108   2.63294e-05
6   2.05699   4.53493e-05
6   2.07289   1.27525e-05
6   2.0888   3.13781e-05
6   2.10471   1.85298e-05
6   2.12061   3.64748e-05
6   2.13652   3.58992e-05
6   2.15242   5.88878e-06
6   2.16833   2.31834e-05
6   2.18423   0
6   2.20014   1.12288e-05
6   2.21605   2.7629e-05
6   2.23195   2.17544e-05
6   2.24786   4.28222e-05
6   2.26376   1.58049e-05
6   2.27967   3.1111e-05
6   2.29557   2.04134e-05
6   2.31148   4.01826e-05
6   2.32739   1.48307e-05
6   2.34329   9.7311e-06
6   2.3592   1.43663e-05
6   2.3751   2.3566e-05
6   2.39101   4.63883e-06
6   2.40692   1.36969e-05
6   2.42282   4.49359e-06
6   2.43873   4.42268e-06
6   2.45463   1.30587e-05
6   2.47054   1.71368e-05
6   2.48644   0
6   2.50235   1.66002e-05
6   2.51826   0
6   2.53416   0
6   2.55007   7.91336e-06
6   2.56597   3.89424e-06
6   2.58188   1.14984e-05
6   2.59778   3.77231e-06
6   2.61369   3.71278e-06
6   2.6296   3.6542e-06
6   2.6455   1.07896e-05
6   2.66141   0
6   2.67731   1.39357e-05
6   2.69322   3.42895e-06
6   2.70913   3.37484e-06
6   2.72503   0
6   2.74094   6.53834e-06
6   2.75684   3.21758e-06
6   2.77275   9.50042e-06
6   2.78865   6.23367e-06
6   2.80456   3.06765e-06
6   2.82047   6.03849e-06
6   2.83637   0
6   2.85228   1.16988e-05
6   2.86818   2.87856e-06
6   2.88409   5.66627e-06
6   2.89999   2.78843e-06
6   2.9159   2.74443e-06
6   2.93181   0
6   2.94771   0
6   2.96362   2.61655e-06
6   2.97952   2.57526e-06
6   2.99543   2.53462e-06
6   3.01134   7.48387e-06
6   3.02724   2.45526e-06
6   3.04315   0
6   3.05905   7.13514e-06
6   3.07496   2.34085e-06
6   3.09086   4.60782e-06
6   3.10677   4.53511e-06
6   3.12268   4.46355e-06
6   3.13858   1.09828e-05
6   3.15449   0
6   3.17039   0
6   3.1863   0
6   3.2022   4.12232e-06
6   3.21811   2.02863e-06
6   3.23402   0
6   3.24992   1.96512e-06
6   3.26583   0
6   3.28173   1.90359e-06
6   3.29764   3.74709e-06
6   3.31354   0
6   3.32945   0
6   3.34536   0
6   3.36126   3.51612e-06
6   3.37717   0
6   3.39307   0
6   3.40898   1.67614e-06
6   3.42489   0
6   3.44079   0
6   3.4567   0
6   3.4726   1.57282e-06
6   3.48851   0
6   3.50441   3.04715e-06
6   3.52032   0
6   3.53623   0
6   3.55213   0
6   3.56804   0
7   -0.429814   0.000336566
7   -0.413296   0.00148974
7   -0.396778   0.00407036
7   -0.380261   0.0121712
7   -0.363743   0.0226047
7   -0.347225   0.0465604
7   -0.330708   0.0938052
7   -0.31419   0.158828
7   -0.297672   0.261286
7   -0.281155   0.410164
7   -0.264637   0.589546
7   -0.248119   0.807002
7   -0.231601   1.0748
7   -0.215084   1.33755
7   -0.198566   1.65656
7   -0.182048   1.93042
7   -0.165531   2.19389
7   -0.149013   2.44884
7   -0.132495   2.63635
7   -0.115978   2.82272
7   -0.09946   2.90806
7   -0.0829423   2.96701
7   -0.0664246   2.94853
7   -0.0499069   2.8962
7   -0.0333892   2.81049
7   -0.0168715   2.67498
7   -0.000353821   2.51752
7   0.0161639   2.37312
7   0.0326816   2.20215
7   0.0491993   2.01285
7   0.0657169   1.84198
7   0.0822346   1.65262
7   0.0987523   1.49114
7   0.11527   1.32982
7   0.131788   1.17713
7   0.148305   1.0357
7   0.164823   0.911299
7   0.181341   0.800746
7   0.197858   0.71046
7   0.214376   0.616908
7   0.230894   0.55248
7   0.247412   0.471488
7   0.263929   0.403302
7   0.280447   0.34686
7   0.296965   0.299238
7   0.313482   0.270048
7   0.33   0.22906
7   0.346518   0.197319
7   0.363035   0.17379
7   0.379553   0.14701
7   0.396071   0.132812
7   0.412588   0.113098
7   0.429106   0.0973437
7   0.445624   0.0884214
7   0.462142   0.0738683
7   0.478659   0.0639406
7   0.495177   0.0552859
7   0.511695   0.0479478
7   0.528212   0.0426753
7   0.54473   0.0381659
7   0.561248   0.0331994
7   0.577765   0.0305973
7   0.594283   0.0242038
7   0.610801   0.0213106
7   0.627318   0.0207276
7   0.643836   0.0170236
7   0.660354   0.0162073
7   0.676872   0.0150515
7   0.693389   0.0128072
7   0.709907   0.0106863
7   0.726425   0.00982282
7   0.742942   0.00778681
7   0.75946   0.00745432
7   0.775978   0.00715583
7   0.792495   0.0067412
7   0.809013   0.00568003
7   0.825531   0.00553902
7   0.842048   0.00474071
7   0.858566   0.00424546
7   0.875084   0.00376517
7   0.891602   0.00318724
7   0.908119   0.00324542
7   0.924637   0.00267107
7   0.941155   0.00275547
7   0.957672   0.00229012
7   0.97419   0.00188062
7   0.990708   0.00182948
7   1.00723   0.00201945
7   1.02374   0.00182903
7   1.04026   0.00137348
7   1.05678   0.00178862
7   1.0733   0.00144115
7   1.08981   0.00117821
7   1.10633   0.00117702
7   1.12285   0.00106868
7   1.13937   0.000735822
7   1.15588   0.000896094
7   1.1724   0.000745812
7   1.18892   0.000700249
7   1.20544   0.000770774
7   1.22196   0.000564578
7   1.23847   0.000539463
7   1.25499   0.000577445
7   1.27151   0.00064474
7   1.28803   0.000498283
7   1.30454   0.000475268
7   1.32106   0.000423655
7   1.33758   0.000459823
7   1.3541   0.000522961
7   1.37061   0.000305856
7   1.38713   0.000328195
7   1.40365   0.00034972
7   1.42017   0.0003043
7   1.43669   0.000273287
7   1.4532   0.00025601
7   1.46972   0.000276997
7   1.48624   0.000185768
7   1.50276   0.000121816
7   1.51927   0.000275588
7   1.53579   0.000212144
7   1.55231   0.000208669
7   1.56883   0.000182445
7   1.58534   0.000157024
7   1.60186   0.000110323
7   1.61838   0.000119367
7   1.6349   0.000149433
7   1.65142   0.000115488
7   1.66793   9.29422e-05
7   1.68445   4.06309e-05
7   1.70097   0.000129887
7   1.71749   0.000117932
7   1.734   5.79999e-05
7   1.75052   6.65581e-05
7   1.76704   0.000102878
7   1.78356   8.27938e-05
7   1.80007   7.23889e-05
7   1.81659   4.45019e-05
7   1.83311   7.00366e-05
7   1.84963   5.16669e-05
7   1.86615   0.000118581
7   1.88266   5.83193e-05
7   1.89918   4.09742e-05
7   1.9157   6.44848e-05
7   1.93222   1.58571e-05
7   1.94873   1.55973e-05
7   1.96525   3.83545e-05
7   1.98177   2.26357e-05
7   1.99829   3.71082e-05
7   2.0148   6.57005e-05
7   2.03132   1.43609e-05
7   2.04784   3.53142e-05
7   2.06436   2.08414e-05
7   2.08088   5.46666e-05
7   2.09739   2.01641e-05
7   2.11391   1.98338e-05
7   2.13043   1.95089e-05
7   2.14695   2.55857e-05
7   2.16346   1.88749e-05
7   2.17998   2.47543e-05
7   2.1965   3.0436e-05
7   2.21302   2.99374e-05
7   2.22953   4.71151e-05
7   2.24605   2.89645e-05
7   2.26257   1.7094e-05
7   2.27909   2.80233e-05
7   2.29561   2.20514e-05
7   2.31212   2.71127e-05
7   2.32864   0
7   2.34516   1.04926e-05
7   2.36168   2.58019e-05
7   2.37819   3.55309e-05
7   2.39471   9.98538e-06
7   2.41123   2.45545e-05
7   2.42775   1.44913e-05
7   2.44426   9.50263e-06
7   2.46078   4.67348e-06
7   2.4773   1.83877e-05
7   2.49382   4.52161e-06
7   2.51034   4.44754e-06
7   2.52685   4.37468e-06
7   2.54337   8.60602e-06
7   2.55989   4.23252e-06
7   2.57641   4.16318e-06
7   2.59292   2.86649e-05
7   2.60944   8.05579e-06
7   2.62596   0
7   2.64248   3.89701e-06
7   2.65899   3.83317e-06
7   2.67551   1.50815e-05
7   2.69203   7.41721e-06
7   2.70855   1.09436e-05
7   2.72507   1.07643e-05
7   2.74158   0
7   2.7581   3.47149e-06
7   2.77462   0
7   2.79114   6.71737e-06
7   2.80765   1.32147e-05
7   2.82417   6.49909e-06
7   2.84069   1.27852e-05
7   2.85721   0
7   2.87372   3.09244e-06
7   2.89024   3.04178e-06
7   2.90676   0
7   2.92328   2.94294e-06
7   2.9398   5.78945e-06
7   2.95631   5.69461e-06
7   2.97283   8.40198e-06
7   2.98935   2.75478e-06
7   3.00587   5.4193e-06
7   3.02238   7.99578e-06
7   3.0389   2.6216e-06
7   3.05542   2.57865e-06
7   3.07194   2.53641e-06
7   3.08845   0
7   3.10497   2.45399e-06
7   3.12149   2.41379e-06
7   3.13801   9.49697e-06
7   3.15453   0
7   3.17104   2.29709e-06
7   3.18756   4.51892e-06
7   3.20408   2.22244e-06
7   3.2206   8.74414e-06
7   3.23711   6.45067e-06
7   3.25363   6.345e-06
7   3.27015   2.08035e-06
7   3.28667   4.09254e-06
7   3.30318   0
7   3.3197   3.95955e-06
7   3.33622   5.84203e-06
7   3.35274   5.74633e-06
7   3.36926   0
7   3.38577   0
7   3.40229   1.82284e-06
7   3.41881   1.79298e-06
7   3.43533   0
7   3.45184   1.73471e-06
7   3.46836   0
7   3.48488   0
7   3.5014   0
7   3.51791   0
7   3.53443   1.5972e-06
7   3.55095   0
7   3.56747   3.0906e-06
7   3.58399   1.51999e-06
7   3.6005   0
7   3.61702   1.47059e-06
7   3.63354   1.4465e-06
7   3.65006   0
7   3.66657   0
7   3.68309   1.37657e-06
7   3.69961   1.35402e-06
7   3.71613   0
7   3.73264   0
7   3.74916   0
7   3.76568   0
8   -0.452967   9.19085e-05
8   -0.436016   0.000632545
8   -0.419064   0.0015992
8   -0.402113   0.00559049
8   -0.385161   0.011766
8   -0.368209   0.0254163
8   -0.351258   0.0542122
8   -0.334306   0.101704
8   -0.317355   0.175031
8   -0.300403   0.272218
8   -0.283452   0.419462
8   -0.2665   0.616671
8   -0.249548   0.83503
8   -0.232597   1.11444
8   -0.215645   1.37227
8   -0.198694   1.65489
8   -0.181742   1.94402
8   -0.164791   2.19796
8   -0.147839   2.45649
8   -0.130887   2.62506
8   -0.113936   2.75957
8   -0.0969843   2.85135
8   -0.0800327   2.88052
8   -0.0630811   2.85718
8   -0.0461296   2.82286
8   -0.029178   2.70725
8   -0.0122264   2.58692
8   0.00472515   2.44062
8   0.0216767   2.26197
8   0.0386283   2.10258
8   0.0555799   1.91342
8   0.0725314   1.75334
8   0.089483   1.57315
8   0.106435   1.41548
8   0.123386   1.26273
8   0.140338   1.12913
8   0.157289   0.985434
8   0.174241   0.872857
8   0.191192   0.758767
8   0.208144   0.665395
8   0.225096   0.588057
8   0.242047   0.50914
8   0.258999   0.445338
8   0.27595   0.377063
8   0.292902   0.335065
8   0.309853   0.283743
8   0.326805   0.248168
8   0.343757   0.218143
8   0.360708   0.18535
8   0.37766   0.164652
8   0.394611   0.138887
8   0.411563   0.125325
8   0.428514   0.10685
8   0.445466   0.0930405
8   0.462418   0.0824982
8   0.479369   0.0711263
8   0.496321   0.0602557
8   0.513272   0.0544517
8   0.530224   0.046694
8   0.547175   0.0394859
8   0.564127   0.0357975
8   0.581079   0.0311109
8   0.59803   0.0275998
8   0.614982   0.025588
8   0.631933   0.0218656
8   0.648885   0.0191162
8   0.665836   0.0162729
8   0.682788   0.0150252
8   0.69974   0.0123638
8   0.716691   0.0122986
8   0.733643   0.00987552
8   0.750594   0.0106474
8   0.767546   0.00867847
8   0.784497   0.00797265
8   0.801449   0.0079435
8   0.818401   0.00626345
8   0.835352   0.00544859
8   0.852304   0.00518259
8   0.869255   0.00443405
8   0.886207   0.00452811
8   0.903158   0.00341004
8   0.92011   0.00300348
8   0.937062   0.00318191
8   0.954013   0.00299339
8   0.970965   0.00234561
8   0.987916   0.00228443
8   1.00487   0.00237437
8   1.02182   0.00168249
8   1.03877   0.00165421
8   1.05572   0.00152476
8   1.07267   0.00149913
8   1.08963   0.00137567
8   1.10658   0.00102407
8   1.12353   0.0013868
8   1.14048   0.00108332
8   1.15743   0.00106511
8   1.17438   0.000956934
8   1.19134   0.000905345
8   1.20829   0.000820314
8   1.22524   0.000772205
8   1.24219   0.000590508
8   1.25914   0.000597171
8   1.27609   0.000587133
8   1.29304   0.000577264
8   1.31   0.000504499
8   1.32695   0.000248009
8   1.3439   0.000320041
8   1.36085   0.000374597
8   1.3778   0.000397765
8   1.39475   0.000188297
8   1.41171   0.000227855
8   1.42866   0.000238027
8   1.44561   0.000357921
8   1.46256   0.000284231
8   1.47951   0.000239532
8   1.49646   0.00028784
8   1.51341   0.000141501
8   1.53037   0.000189712
8   1.54732   0.000161654
8   1.56427   0.000158937
8   1.58122   0.000156265
8   1.59817   0.000106365
8   1.61512   0.000197535
8   1.63208   0.000148517
8   1.64903   0.000157253
8   1.66598   9.9392e-05
8   1.68293   7.60055e-05
8   1.69988   9.60787e-05
8   1.71683   0.000115456
8   1.73379   0.000103196
8   1.75074   8.11688e-05
8   1.76769   0.000109731
8   1.78464   9.80788e-05
8   1.80159   7.71441e-05
8   1.81854   4.74047e-05
8   1.83549   5.59294e-05
8   1.85245   3.66595e-05
8   1.8694   5.4065e-05
8   1.88635   5.31563e-05
8   1.9033   6.09732e-05
8   1.92025   4.28202e-05
8   1.9372   2.52603e-05
8   1.95416   2.48357e-05
8   1.97111   1.62788e-05
8   1.98806   4.80156e-05
8   2.00501   5.50766e-05
8   2.02196   5.41509e-05
8   2.03891   3.8029e-05
8   2.05587   3.73898e-05
8   2.07282   1.47045e-05
8   2.08977   5.06008e-05
8   2.10672   5.68575e-05
8   2.12367   4.8914e-05
8   2.14062   4.80919e-05
8   2.15757   1.35096e-05
8   2.17453   5.313e-05
8   2.19148   3.91777e-05
8   2.20843   6.41986e-06
8   2.22538   1.26239e-05
8   2.24233   6.20586e-06
8   2.25928   1.22031e-05
8   2.27624   1.7997e-05
8   2.29319   2.94907e-05
8   2.31014   2.8995e-05
8   2.32709   2.28061e-05
8   2.34404   1.68171e-05
8   2.36099   1.10229e-05
8   2.37795   1.08377e-05
8   2.3949   1.59833e-05
8   2.41185   1.04764e-05
8   2.4288   5.15015e-06
8   2.44575   1.01272e-05
8   2.4627   1.49354e-05
8   2.47965   1.95792e-05
8   2.49661   9.62503e-06
8   2.51356   1.41949e-05
8   2.53051   0
8   2.54746   9.14779e-06
8   2.56441   4.49701e-06
8   2.58136   8.84285e-06
8   2.59832   4.34711e-06
8   2.61527   8.54807e-06
8   2.63222   8.40439e-06
8   2.64917   8.26312e-06
8   2.66612   4.06212e-06
8   2.68307   7.98767e-06
8   2.70002   7.85341e-06
8   2.71698   7.72141e-06
8   2.73393   3.79581e-06
8   2.75088   1.1196e-05
8   2.76783   1.46771e-05
8   2.78478   1.08228e-05
8   2.80173   1.41878e-05
8   2.81869   6.97468e-06
8   2.83564   3.42872e-06
8   2.85259   6.74218e-06
8   2.86954   3.31443e-06
8   2.88649   6.51743e-06
8   2.90344   3.20394e-06
8   2.9204   1.57504e-05
8   2.93735   3.09714e-06
8   2.9543   3.04508e-06
8   2.97125   5.98779e-06
8   2.9882   5.88715e-06
8   3.00515   2.8941e-06
8   3.0221   0
8   3.03906   8.39286e-06
8   3.05601   5.50119e-06
8   3.07296   0
8   3.08991   2.65891e-06
8   3.10686   0
8   3.12381   0
8   3.14077   2.52707e-06
8   3.15772   4.96918e-06
8   3.17467   0
8   3.19162   2.40177e-06
8   3.20857   0
8   3.22552   4.64341e-06
8   3.24248   4.56536e-06
8   3.25943   2.24431e-06
8   3.27638   2.20659e-06
8   3.29333   0
8   3.31028   2.13303e-06
8   3.32723   0
8   3.34418   4.12385e-06
8   3.36114   0
8   3.37809   1.99319e-06
8   3.39504   1.95969e-06
8   3.41199   1.92675e-06
8   3.42894   1.89436e-06
8   3.44589   0
8   3.46285   0
8   3.4798   0
8   3.49675   1.77017e-06
8   3.5137   0
8   3.53065   1.71116e-06
8   3.5476   1.6824e-06
8   3.56456   3.30825e-06
8   3.58151   3.25264e-06
8   3.59846   0
8   3.61541   0
8   3.63236   0
8   3.64931   0
9   -0.462391   0.000293112
9   -0.445129   0.000576191
9   -0.427866   0.00226532
9   -0.410604   0.00732907
9   -0.393341   0.0152279
9   -0.376079   0.0301139
9   -0.358817   0.0636897
9   -0.341554   0.115589
9   -0.324292   0.198116
9   -0.307029   0.308232
9   -0.289767   0.463766
9   -0.272504   0.675946
9   -0.255242   0.888828
9   -0.23798   1.14903
9   -0.220717   1.43796
9   -0.203455   1.72866
9   -0.186192   1.99469
9   -0.16893   2.23973
9   -0.151668   2.43449
9   -0.134405   2.62375
9   -0.117143   2.75705
9   -0.0998804   2.80853
9   -0.082618   2.83097
9   -0.0653555   2.78226
9   -0.0480931   2.72211
9   -0.0308307   2.63326
9   -0.0135683   2.49433
9   0.0036941   2.34534
9   0.0209565   2.18547
9   0.0382189   2.01185
9   0.0554813   1.85413
9   0.0727437   1.66918
9   0.0900062   1.49918
9   0.107269   1.35949
9   0.124531   1.19085
9   0.141793   1.05758
9   0.159056   0.928115
9   0.176318   0.827529
9   0.193581   0.721139
9   0.210843   0.622882
9   0.228105   0.551779
9   0.245368   0.489907
9   0.26263   0.420954
9   0.279893   0.363287
9   0.297155   0.31675
9   0.314418   0.270396
9   0.33168   0.235562
9   0.348942   0.205703
9   0.366205   0.17394
9   0.383467   0.151128
9   0.40073   0.129253
9   0.417992   0.1159
9   0.435254   0.0992641
9   0.452517   0.0817936
9   0.469779   0.0743161
9   0.487042   0.0669194
9   0.504304   0.0573387
9   0.521566   0.0506231
9   0.538829   0.0433666
9   0.556091   0.039731
9   0.573354   0.0329125
9   0.590616   0.029554
9   0.607879   0.0257313
9   0.625141   0.0229858
9   0.642403   0.0204238
9   0.659666   0.0181336
9   0.676928   0.0147902
9   0.694191   0.0146293
9   0.711453   0.0124154
9   0.728715   0.0119654
9   0.745978   0.0102723
9   0.76324   0.00880574
9   0.780503   0.00704808
9   0.797765   0.00753707
9   0.815027   0.00648207
9   0.83229   0.00647821
9   0.849552   0.0046571
9   0.866815   0.00462912
9   0.884077   0.00452448
9   0.90134   0.00359761
9   0.918602   0.00390438
9   0.935864   0.00335485
9   0.953127   0.00291787
9   0.970389   0.00244824
9   0.987652   0.00231467
9   1.00491   0.00218495
9   1.02218   0.00185974
9   1.03944   0.00198024
9   1.0567   0.00141164
9   1.07396   0.00151361
9   1.09123   0.00134307
9   1.10849   0.00138101
9   1.12575   0.00111784
9   1.14301   0.00117719
9   1.16028   0.00115704
9   1.17754   0.000985607
9   1.1948   0.000689295
9   1.21206   0.000897227
9   1.22933   0.000773887
9   1.24659   0.000866779
9   1.26385   0.000521599
9   1.28111   0.00073483
9   1.29837   0.000587881
9   1.31564   0.000429238
9   1.3329   0.000567931
9   1.35016   0.000494416
9   1.36742   0.000438926
9   1.38469   0.000215707
9   1.40195   0.000378599
9   1.41921   0.000461428
9   1.43647   0.000365751
9   1.45374   0.000244454
9   1.471   0.000226137
9   1.48826   0.000208375
9   1.50552   0.000259425
9   1.52279   0.000134203
9   1.54005   0.00022424
9   1.55731   0.000168543
9   1.57457   0.000140172
9   1.59184   0.000175348
9   1.6091   0.000147726
9   1.62636   0.000145198
9   1.64362   9.51419e-05
9   1.66089   0.000116892
9   1.67815   0.000126381
9   1.69541   0.000124218
9   1.71267   8.87941e-05
9   1.72994   0.00015273
9   1.7472   0.000117949
9   1.76446   9.48518e-05
9   1.78172   0.000124305
9   1.79898   7.12701e-05
9   1.81625   6.00432e-05
9   1.83351   9.83593e-05
9   1.85077   7.73408e-05
9   1.86803   4.75107e-05
9   1.8853   4.66976e-05
9   1.90256   5.50781e-05
9   1.91982   8.12032e-05
9   1.93708   7.98134e-05
9   1.95435   2.61492e-05
9   1.97161   2.57016e-05
9   1.98887   5.05236e-05
9   2.00613   5.79354e-05
9   2.0234   4.06742e-05
9   2.04066   3.19824e-05
9   2.05792   3.92939e-05
9   2.07518   5.40699e-05
9   2.09245   4.55525e-05
9   2.10971   1.49243e-05
9   2.12697   4.40066e-05
9   2.14423   5.04624e-05
9   2.1615   4.25132e-05
9   2.17876   3.48214e-05
9   2.19602   6.84509e-06
9   2.21328   2.01838e-05
9   2.23055   6.61279e-06
9   2.24781   2.59985e-05
9   2.26507   2.55535e-05
9   2.28233   1.88372e-05
9   2.29959   2.46864e-05
9   2.31686   1.21319e-05
9   2.33412   5.96215e-06
9   2.35138   2.93006e-05
9   2.36864   0
9   2.38591   5.66125e-06
9   2.40317   2.78218e-05
9   2.42043   1.64074e-05
9   2.43769   5.37553e-06
9   2.45496   0
9   2.47222   5.19311e-06
9   2.48948   1.53127e-05
9   2.50674   1.00338e-05
9   2.52401   1.47931e-05
9   2.54127   4.84663e-06
9   2.55853   2.38184e-05
9   2.57579   9.36431e-06
9   2.59306   0
9   2.61032   9.04652e-06
9   2.62758   4.44585e-06
9   2.64484   1.31093e-05
9   2.66211   4.29498e-06
9   2.67937   8.44294e-06
9   2.69663   1.24477e-05
9   2.71389   8.15643e-06
9   2.73116   4.00842e-06
9   2.74842   0
9   2.76568   3.87239e-06
9   2.78294   3.80612e-06
9   2.8002   7.48195e-06
9   2.81747   3.67695e-06
9   2.83473   0
9   2.85199   7.10435e-06
9   2.86925   1.04741e-05
9   2.88652   1.02949e-05
9   2.90378   1.34916e-05
9   2.92104   0
9   2.9383   3.25844e-06
9   2.95557   3.20267e-06
9   2.97283   6.29572e-06
9   2.99009   3.09399e-06
9   3.00735   6.08207e-06
9   3.02462   8.96697e-06
9   3.04188   0
9   3.05914   2.88756e-06
9   3.0764   2.83814e-06
9   3.09367   5.57913e-06
9   3.11093   2.74182e-06
9   3.12819   0
9   3.14545   2.64878e-06
9   3.16272   2.60345e-06
9   3.17998   2.55889e-06
9   3.19724   2.5151e-06
9   3.2145   2.47205e-06
9   3.23177   0
9   3.24903   4.77632e-06
9   3.26629   0
9   3.28355   0
9   3.30081   4.53527e-06
9   3.31808   0
9   3.33534   0
9   3.3526   2.15319e-06
9   3.36986   0
9   3.38713   2.08012e-06
9   3.40439   0
9   3.42165   0
9   3.43891   1.97514e-06
9   3.45618   0
9   3.47344   1.90811e-06
9   3.4907   0
9   3.50796   3.68671e-06
9   3.52523   0
9   3.54249   3.5616e-06
9   3.55975   5.25097e-06
9   3.57701   0
9   3.59428   3.38185e-06
9   3.61154   1.66199e-06
9   3.6288   3.26709e-06
9   3.64606   1.60559e-06
9   3.66333   0
9   3.68059   1.5511e-06
9   3.69785   3.04911e-06
9   3.71511   0
9   3.73238   0
9   3.74964   0
9   3.7669   0
9   3.78416   1.39848e-06
9   3.80142   2.7491e-06
9   3.81869   0
9   3.83595   1.3279e-06
9   3.85321   1.30518e-06
9   3.87047   0
9   3.88774   0
9   3.905   0
9   3.92226   2.43619e-06
9   3.93952   0
9   3.95679   2.35352e-06
9   3.97405   0
9   3.99131   1.13683e-06
9   4.00857   0
9   4.02584   0
9   4.0431   2.1589e-06
9   4.06036   0
9   4.07762   2.08564e-06
9   4.09489   0
9   4.11215   0
9   4.12941   9.9019e-07
9   4.14667   0
9   4.16394   9.56587e-07
9   4.1812   2.82065e-06
9   4.19846   0
9   4.21572   0
9   4.23299   0
9   4.25025   0
10   -0.446936   0.000608757
10   -0.429397   0.00259208
10   -0.411857   0.00803289
10   -0.394318   0.016364
10   -0.376779   0.0359424
10   -0.35924   0.0728656
10   -0.3417   0.120366
10   -0.324161   0.217972
10   -0.306622   0.326607
10   -0.289083   0.489105
10   -0.271543   0.696935
10   -0.254004   0.92642
10   -0.236465   1.18947
10   -0.218926   1.46523
10   -0.201386   1.74382
10   -0.183847   1.99231
10   -0.166308   2.22566
10   -0.148769   2.45443
10   -0.131229   2.59282
10   -0.11369   2.71256
10   -0.0961509   2.78042
10   -0.0786117   2.77939
10   -0.0610724   2.75859
10   -0.0435332   2.67688
10   -0.0259939   2.56034
10   -0.00845467   2.43199
10   0.00908458   2.29505
10   0.0266238   2.10931
10   0.0441631   1.93014
10   0.0617023   1.78061
10   0.0792416   1.62226
10   0.0967808   1.4492
10   0.11432   1.29158
10   0.131859   1.15423
10   0.149399   1.01797
10   0.166938   0.906756
10   0.184477   0.794132
10   0.202016   0.70164
10   0.219556   0.603737
10   0.237095   0.533394
10   0.254634   0.465817
10   0.272173   0.40216
10   0.289713   0.350726
10   0.307252   0.303631
10   0.324791   0.261351
10   0.34233   0.223076
10   0.35987   0.197102
10   0.377409   0.166534
10   0.394948   0.141517
10   0.412487   0.125997
10   0.430027   0.110975
10   0.447566   0.0950671
10   0.465105   0.0837141
10   0.482644   0.0738485
10   0.500184   0.0601294
10   0.517723   0.057576
10   0.535262   0.0511796
10   0.552801   0.0409935
10   0.570341   0.0362086
10   0.58788   0.0335965
10   0.605419   0.0283368
10   0.622958   0.0250597
10   0.640498   0.0215802
10   0.658037   0.0206337
10   0.675576   0.017138
10   0.693115   0.0148607
10   0.710655   0.0131039
10   0.728194   0.0119362
10   0.745733   0.0108359
10   0.763272   0.010224
10   0.780812   0.00873848
10   0.798351   0.0073599
10   0.81589   0.00691626
10   0.833429   0.00617563
10   0.850969   0.00498761
10   0.868508   0.00511871
10   0.886047   0.00401307
10   0.903586   0.00410103
10   0.921126   0.00353893
10   0.938665   0.00329972
10   0.956204   0.00301788
10   0.973743   0.00301443
10   0.991283   0.00214325
10   1.00882   0.00212965
10   1.02636   0.00209262
10   1.0439   0.00178207
10   1.06144   0.00168374
10   1.07898   0.00125739
10   1.09652   0.00149564
10   1.11406   0.00134185
10   1.1316   0.00121387
10   1.14914   0.000945987
10   1.16668   0.0010912
10   1.18421   0.000972947
10   1.20175   0.0012682
10   1.21929   0.000690178
10   1.23683   0.000791208
10   1.25437   0.000536812
10   1.27191   0.000563857
10   1.28945   0.000714907
10   1.30699   0.000509296
10   1.32453   0.000534955
10   1.34207   0.000390001
10   1.35961   0.000416544
10   1.37715   0.000327442
10   1.39469   0.000418273
10   1.41222   0.00055327
10   1.42976   0.000403855
10   1.4473   0.000259468
10   1.46484   0.000254957
10   1.48238   0.000265261
10   1.49992   0.000275129
10   1.51746   0.00034149
10   1.535   0.000349534
10   1.55254   0.000274765
10   1.57008   0.000296987
10   1.58762   0.000185706
10   1.60516   0.000208545
10   1.6227   0.000230534
10   1.64023   0.000138433
10   1.65777   0.000148392
10   1.67531   0.00012151
10   1.69285   8.35781e-05
10   1.71039   0.000105589
10   1.72793   0.00012681
10   1.74547   7.92941e-05
10   1.76301   0.000111308
10   1.78055   9.84353e-05
10   1.79809   6.44826e-05
10   1.81563   9.50422e-05
10   1.83317   5.18832e-05
10   1.85071   6.11774e-05
10   1.86825   8.01516e-05
10   1.88578   1.96895e-05
10   1.90332   5.80416e-05
10   1.92086   7.60432e-05
10   1.9384   4.67007e-05
10   1.95594   8.25998e-05
10   1.97348   4.50909e-05
10   1.99102   6.20297e-05
10   2.00856   2.6122e-05
10   2.0261   5.13356e-05
10   2.04364   7.56646e-05
10   2.06118   6.60881e-05
10   2.07872   6.4939e-05
10   2.09626   1.59525e-05
10   2.11379   1.56751e-05
10   2.13133   3.85065e-05
10   2.14887   7.56741e-06
10   2.16641   2.23075e-05
10   2.18395   3.65328e-05
10   2.20149   5.02566e-05
10   2.21903   2.82188e-05
10   2.23657   2.07961e-05
10   2.25411   2.72461e-05
10   2.27165   2.00793e-05
10   2.28919   1.31534e-05
10   2.30673   1.29248e-05
10   2.32427   1.90501e-05
10   2.3418   3.11981e-05
10   2.35934   6.13113e-06
10   2.37688   6.02453e-06
10   2.39442   4.14385e-05
10   2.41196   5.81687e-06
10   2.4295   5.71573e-06
10   2.44704   1.68491e-05
10   2.46458   3.8631e-05
10   2.48212   2.71138e-05
10   2.49966   5.32848e-06
10   2.5172   5.23583e-06
10   2.53474   0
10   2.55228   1.01107e-05
10   2.56982   1.49024e-05
10   2.58735   0
10   2.60489   1.43887e-05
10   2.62243   0
10   2.63997   0
10   2.65751   9.10077e-06
10   2.67505   1.34138e-05
10   2.69259   8.78706e-06
10   2.71013   4.31715e-06
10   2.72767   2.12104e-05
10   2.74521   2.501e-05
10   2.76275   8.19172e-06
10   2.78029   4.02465e-06
10   2.79783   3.95467e-06
10   2.81536   7.77183e-06
10   2.8329   3.81835e-06
10   2.85044   7.50393e-06
10   2.86798   1.84337e-05
10   2.88552   0
10   2.90306   3.55965e-06
10   2.9206   0
10   2.93814   1.03108e-05
10   2.95568   3.37719e-06
10   2.97322   1.32739e-05
10   2.99076   0
10   3.0083   0
10   3.02584   1.25935e-05
10   3.04337   1.23746e-05
10   3.06091   6.07971e-06
10   3.07845   0
10   3.09599   2.93507e-06
10   3.11353   2.88404e-06
10   3.13107   1.13356e-05
10   3.14861   2.78462e-06
10   3.16615   5.47242e-06
10   3.18369   0
10   3.20123   2.64189e-06
10   3.21877   2.59596e-06
10   3.23631   0
10   3.25385   0
10   3.27139   2.4629e-06
10   3.28892   0
10   3.30646   0
10   3.324   2.33666e-06
10   3.34154   0
10   3.35908   0
10   3.37662   2.21688e-06
10   3.39416   0
10   3.4117   2.14047e-06
10   3.42924   0
10   3.44678   2.06668e-06
10   3.46432   0
10   3.48186   0
10   3.4994   0
10   3.51693   0
11   -0.464462   0.000305791
11   -0.446712   0.00120164
11   -0.428963   0.00354151
11   -0.411213   0.00792485
11   -0.393463   0.0194636
11   -0.375714   0.0404809
11   -0.357964   0.0805453
11   -0.340215   0.136112
11   -0.322465   0.237631
11   -0.304716   0.362729
11   -0.286966   0.52859
11   -0.269217   0.760278
11   -0.251467   0.998067
11   -0.233717   1.25801
11   -0.215968   1.54673
11   -0.198218   1.80796
11   -0.180469   2.06128
11   -0.162719   2.29661
11   -0.14497   2.52776
11   -0.12722   2.63061
11   -0.109471   2.742
11   -0.0917211   2.7738
11   -0.0739716   2.77198
11   -0.056222   2.72226
11   -0.0384725   2.62804
11   -0.0207229   2.51692
11   -0.00297337   2.37447
11   0.0147762   2.18815
11   0.0325257   2.05105
11   0.0502753   1.87102
11   0.0680248   1.69435
11   0.0857744   1.53995
11   0.103524   1.3658
11   0.121273   1.22942
11   0.139023   1.08649
11   0.156773   0.963593
11   0.174522   0.836777
11   0.192272   0.733735
11   0.210021   0.645327
11   0.227771   0.565822
11   0.24552   0.495931
11   0.26327   0.427388
11   0.281019   0.366715
11   0.298769   0.319447
11   0.316518   0.27555
11   0.334268   0.241261
11   0.352018   0.207237
11   0.369767   0.174646
11   0.387517   0.158573
11   0.405266   0.132546
11   0.423016   0.114687
11   0.440765   0.100343
11   0.458515   0.0850103
11   0.476264   0.0753184
11   0.494014   0.0652768
11   0.511764   0.0579075
11   0.529513   0.0507019
11   0.547263   0.0438802
11   0.565012   0.038994
11   0.582762   0.0317623
11   0.600511   0.0290601
11   0.618261   0.0250622
11   0.63601   0.0218743
11   0.65376   0.0192239
11   0.671509   0.0179692
11   0.689259   0.0153379
11   0.707009   0.0138677
11   0.724758   0.0123203
11   0.742508   0.010945
11   0.760257   0.00949453
11   0.778007   0.00965116
11   0.795756   0.007429
11   0.813506   0.00755388
11   0.831255   0.00569128
11   0.849005   0.00594746
11   0.866754   0.00484658
11   0.884504   0.00431164
11   0.902254   0.00335224
11   0.920003   0.00329327
11   0.937753   0.00333565
11   0.955502   0.00305522
11   0.973252   0.00273521
11   0.991001   0.00252063
11   1.00875   0.00252301
11   1.0265   0.00185897
11   1.04425   0.00187135
11   1.062   0.00199348
11   1.07975   0.00178433
11   1.0975   0.00147503
11   1.11525   0.00130207
11   1.133   0.00154738
11   1.15075   0.00095263
11   1.1685   0.00111508
11   1.18625   0.00064554
11   1.204   0.000634183
11   1.22175   0.000830702
11   1.23949   0.000816087
11   1.25724   0.000710624
11   1.27499   0.000680222
11   1.29274   0.000457227
11   1.31049   0.000483735
11   1.32824   0.000560087
11   1.34599   0.000383496
11   1.36374   0.00040951
11   1.38149   0.000531043
11   1.39924   0.000268755
11   1.41699   0.000341681
11   1.43474   0.000350928
11   1.45249   0.000359743
11   1.47024   0.000441768
11   1.48799   0.000303797
11   1.50574   0.000241604
11   1.52349   0.000376974
11   1.54124   0.000274327
11   1.55899   0.000215601
11   1.57674   0.000238284
11   1.59449   0.000208081
11   1.61224   0.000153315
11   1.62999   0.000112964
11   1.64773   0.000135638
11   1.66548   0.000121138
11   1.68323   0.000166609
11   1.70098   0.000105222
11   1.71873   0.000160798
11   1.73648   0.000135402
11   1.75423   0.00013302
11   1.77198   2.178e-05
11   1.78973   0.000117683
11   1.80748   0.000147143
11   1.82523   0.000103253
11   1.84298   0.000121724
11   1.86073   5.97911e-05
11   1.87848   8.81088e-05
11   1.89623   4.80882e-05
11   1.91398   3.77937e-05
11   1.93173   8.35398e-05
11   1.94948   6.38323e-05
11   1.96723   7.16678e-05
11   1.98498   6.16061e-05
11   2.00273   4.32302e-05
11   2.02048   7.64453e-05
11   2.03822   0
11   2.05597   1.63954e-05
11   2.07372   6.44277e-05
11   2.09147   3.16471e-05
11   2.10922   2.33178e-05
11   2.12697   3.05434e-05
11   2.14472   5.25106e-05
11   2.16247   4.42172e-05
11   2.18022   5.79191e-05
11   2.19797   4.26751e-05
11   2.21572   5.58991e-05
11   2.23347   2.05934e-05
11   2.25122   2.02311e-05
11   2.26897   6.62505e-06
11   2.28672   5.2068e-05
11   2.30447   1.2788e-05
11   2.32222   2.5126e-05
11   2.33997   1.8513e-05
11   2.35772   1.21249e-05
11   2.37547   2.38231e-05
11   2.39322   1.7553e-05
11   2.41097   1.72442e-05
11   2.42871   2.25877e-05
11   2.44646   1.10952e-05
11   2.46421   1.635e-05
11   2.48196   1.60623e-05
11   2.49971   1.05198e-05
11   2.51746   1.03347e-05
11   2.53521   1.01529e-05
11   2.55296   1.99486e-05
11   2.57071   9.79883e-06
11   2.58846   1.44397e-05
11   2.60621   1.89142e-05
11   2.62396   1.3936e-05
11   2.64171   9.12725e-06
11   2.65946   8.96667e-06
11   2.67721   0
11   2.69496   1.73079e-05
11   2.71271   1.70034e-05
11   2.73046   4.17606e-06
11   2.74821   4.1026e-06
11   2.76596   1.61217e-05
11   2.78371   0
11   2.80146   3.88985e-06
11   2.8192   3.82142e-06
11   2.83695   1.12626e-05
11   2.8547   3.68814e-06
11   2.87245   1.4493e-05
11   2.8902   0
11   2.90795   3.49689e-06
11   2.9257   6.87074e-06
11   2.94345   6.74986e-06
11   2.9612   9.94667e-06
11   2.97895   1.62861e-05
11   2.9967   6.39984e-06
11   3.01445   6.28725e-06
11   3.0322   3.08832e-06
11   3.04995   3.03399e-06
11   3.0677   5.96122e-06
11   3.08545   5.85634e-06
11   3.1032   8.62997e-06
11   3.12095   0
11   3.1387   2.77633e-06
11   3.15645   5.45497e-06
11   3.1742   0
11   3.19195   5.26472e-06
11   3.20969   2.58605e-06
11   3.22744   0
11   3.24519   0
11   3.26294   0
11   3.28069   2.40881e-06
11   3.29844   2.36643e-06
11   3.31619   4.6496e-06
11   3.33394   2.2839e-06
11   3.35169   2.24372e-06
11   3.36944   0
11   3.38719   6.4964e-06
11   3.40494   0
11   3.42269   4.17989e-06
11   3.44044   2.05318e-06
11   3.45819   0
11   3.47594   1.98157e-06
11   3.49369   1.94671e-06
11   3.51144   3.82492e-06
11   3.52919   0
11   3.54694   1.84576e-06
11   3.56469   5.43986e-06
11   3.58244   3.56277e-06
11   3.60018   0
11   3.61793   0
11   3.63568   0
11   3.65343   0
12.5   -0.496519   0.000105714
12.5   -0.478844   0.000207724
12.5   -0.461169   0.000102042
12.5   -0.443495   0.00130331
12.5   -0.42582   0.00216696
12.5   -0.408146   0.0105482
12.5   -0.390471   0.0186351
12.5   -0.372797   0.048574
12.5   -0.355122   0.0870945
12.5   -0.337448   0.15076
12.5   -0.319773   0.248222
12.5   -0.302099   0.366681
12.5   -0.284424   0.557017
12.5   -0.26675   0.751913
12.5   -0.249075   1.01773
12.5   -0.2314   1.26029
12.5   -0.213726   1.53062
12.5   -0.196051   1.81746
12.5   -0.178377   2.08041
12.5   -0.160702   2.28651
12.5   -0.143028   2.51132
12.5   -0.125353   2.65017
12.5   -0.107679   2.74176
12.5   -0.0900041   2.77187
12.5   -0.0723295   2.79255
12.5   -0.054655   2.72147
12.5   -0.0369804   2.62792
12.5   -0.0193059   2.53236
12.5   -0.00163135   2.36722
12.5   0.0160432   2.21405
12.5   0.0337177   2.0361
12.5   0.0513923   1.87312
12.5   0.0690668   1.69727
12.5   0.0867414   1.53461
12.5   0.104416   1.3776
12.5   0.12209   1.23758
12.5   0.139765   1.09426
12.5   0.15744   0.966858
12.5   0.175114   0.849198
12.5   0.192789   0.73653
12.5   0.210463   0.647151
12.5   0.228138   0.575684
12.5   0.245812   0.497616
12.5   0.263487   0.435603
12.5   0.281161   0.374105
12.5   0.298836   0.314676
12.5   0.31651   0.277281
12.5   0.334185   0.242619
12.5   0.35186   0.205558
12.5   0.369534   0.180258
12.5   0.387209   0.157704
12.5   0.404883   0.13567
12.5   0.422558   0.118323
12.5   0.440232   0.103449
12.5   0.457907   0.0891811
12.5   0.475581   0.0787809
12.5   0.493256   0.0688748
12.5   0.51093   0.0625342
12.5   0.528605   0.0480132
12.5   0.54628   0.0449364
12.5   0.563954   0.0386213
12.5   0.581629   0.0318664
12.5   0.599303   0.030672
12.5   0.616978   0.0265588
12.5   0.634652   0.0235694
12.5   0.652327   0.0206096
12.5   0.670001   0.0181085
12.5   0.687676   0.0163032
12.5   0.70535   0.0144286
12.5   0.723025   0.0129893
12.5   0.740699   0.0105529
12.5   0.758374   0.0103379
12.5   0.776049   0.00938691
12.5   0.793723   0.0082333
12.5   0.811398   0.00714581
12.5   0.829072   0.00702062
12.5   0.846747   0.00526978
12.5   0.864421   0.00574671
12.5   0.882096   0.00402147
12.5   0.89977   0.00416034
12.5   0.917445   0.00349619
12.5   0.935119   0.00313185
12.5   0.952794   0.00322587
12.5   0.970469   0.00292556
12.5   0.988143   0.00198806
12.5   1.00582   0.00228269
12.5   1.02349   0.00187277
12.5   1.04117   0.00193082
12.5   1.05884   0.00140601
12.5   1.07652   0.00186376
12.5   1.09419   0.00146489
12.5   1.11186   0.00141806
12.5   1.12954   0.00128925
12.5   1.14721   0.00108279
12.5   1.16489   0.00110396
12.5   1.18256   0.0010649
12.5   1.20024   0.000736248
12.5   1.21791   0.000780456
12.5   1.23559   0.000673272
12.5   1.25326   0.000753349
12.5   1.27094   0.000541574
12.5   1.28861   0.000691712
12.5   1.30628   0.000575041
12.5   1.32396   0.000530726
12.5   1.34163   0.000353225
12.5   1.35931   0.000313986
12.5   1.37698   0.00053579
12.5   1.39466   0.000446645
12.5   1.41233   0.00021941
12.5   1.43001   0.000431133
12.5   1.44768   0.000302557
12.5   1.46536   0.000326982
12.5   1.48303   0.000262844
12.5   1.5007   0.000215199
12.5   1.51838   0.000253715
12.5   1.53605   0.000207725
12.5   1.55373   0.000204086
12.5   1.5714   0.000213878
12.5   1.58908   0.000118198
12.5   1.60675   0.000141934
12.5   1.62443   0.000190155
12.5   1.6421   6.22747e-05
12.5   1.65978   0.000110131
12.5   1.67745   0.000228425
12.5   1.69512   0.000165364
12.5   1.7128   0.000127653
12.5   1.73047   0.000136818
12.5   1.74815   0.000156824
12.5   1.76582   0.000143071
12.5   1.7835   0.000108127
12.5   1.80117   6.37396e-05
12.5   1.81885   9.39343e-05
12.5   1.83652   9.22887e-05
12.5   1.8542   6.04479e-05
12.5   1.87187   0.000128676
12.5   1.88954   7.77979e-05
12.5   1.90722   0.000114652
12.5   1.92489   6.57089e-05
12.5   1.94257   4.61127e-05
12.5   1.96024   8.15486e-05
12.5   1.97792   1.78044e-05
12.5   1.99559   6.99701e-05
12.5   2.01327   4.29651e-05
12.5   2.03094   5.06549e-05
12.5   2.04862   4.97675e-05
12.5   2.06629   1.62985e-05
12.5   2.08396   5.60455e-05
12.5   2.10164   2.35987e-05
12.5   2.11931   5.40989e-05
12.5   2.13699   3.79651e-05
12.5   2.15466   3.73e-05
12.5   2.17234   2.93172e-05
12.5   2.19001   2.16027e-05
12.5   2.20769   0
12.5   2.22536   6.9508e-06
12.5   2.24304   3.41451e-05
12.5   2.26071   4.02563e-05
12.5   2.27838   1.31837e-05
12.5   2.29606   1.29527e-05
12.5   2.31373   3.18145e-05
12.5   2.33141   3.75086e-05
12.5   2.34908   1.22838e-05
12.5   2.36676   6.0343e-06
12.5   2.38443   1.18572e-05
12.5   2.40211   1.16494e-05
12.5   2.41978   4.00587e-05
12.5   2.43746   5.62242e-06
12.5   2.45513   5.52392e-06
12.5   2.4728   1.08543e-05
12.5   2.49048   1.59962e-05
12.5   2.50815   1.04773e-05
12.5   2.52583   1.02937e-05
12.5   2.5435   1.51701e-05
12.5   2.56118   9.93623e-06
12.5   2.57885   1.95243e-05
12.5   2.59653   2.39778e-05
12.5   2.6142   0
12.5   2.63188   1.8516e-05
12.5   2.64955   4.54791e-06
12.5   2.66722   1.34047e-05
12.5   2.6849   1.31699e-05
12.5   2.70257   1.72522e-05
12.5   2.72025   1.27124e-05
12.5   2.73792   4.16325e-06
12.5   2.7556   8.18062e-06
12.5   2.77327   8.0373e-06
12.5   2.79095   1.18447e-05
12.5   2.80862   3.87908e-06
12.5   2.8263   3.81112e-06
12.5   2.84397   0
12.5   2.86164   3.67875e-06
12.5   2.87932   7.2286e-06
12.5   2.89699   0
12.5   2.91467   3.48877e-06
12.5   2.93234   3.42765e-06
12.5   2.95002   1.34704e-05
12.5   2.96769   0
12.5   2.98537   9.75191e-06
12.5   3.00304   3.19369e-06
12.5   3.02072   6.27548e-06
12.5   3.03839   1.54138e-05
12.5   3.05606   6.05752e-06
12.5   3.07374   2.9757e-06
12.5   3.09141   5.84713e-06
12.5   3.10909   2.87235e-06
12.5   3.12676   8.46608e-06
12.5   3.14444   0
12.5   3.16211   5.44802e-06
12.5   3.17979   0
12.5   3.19746   2.6294e-06
12.5   3.21514   2.58334e-06
12.5   3.23281   0
12.5   3.25048   4.98723e-06
12.5   3.26816   0
12.5   3.28583   0
12.5   3.30351   2.36484e-06
12.5   3.32118   2.32341e-06
12.5   3.33886   0
12.5   3.35653   2.24271e-06
12.5   3.37421   0
12.5   3.39188   4.32964e-06
12.5   3.40956   2.12689e-06
12.5   3.42723   0
12.5   3.4449   0
12.5   3.46258   0
12.5   3.48025   1.98172e-06
12.5   3.49793   0
12.5   3.5156   0
12.5   3.53328   1.87938e-06
12.5   3.55095   0
12.5   3.56863   1.8141e-06
12.5   3.5863   0
12.5   3.60398   0
12.5   3.62165   0
12.5   3.63932   0
14.5   -0.464066   0.000204909
14.5   -0.446485   0.00140936
14.5   -0.428903   0.00385766
14.5   -0.411322   0.00923309
14.5   -0.393741   0.0188128
14.5   -0.376159   0.0478545
14.5   -0.358578   0.0898
14.5   -0.340996   0.149112
14.5   -0.323415   0.238017
14.5   -0.305834   0.378528
14.5   -0.288252   0.540795
14.5   -0.270671   0.748293
14.5   -0.253089   1.00381
14.5   -0.235508   1.27132
14.5   -0.217927   1.54785
14.5   -0.200345   1.80343
14.5   -0.182764   2.09386
14.5   -0.165183   2.30621
14.5   -0.147601   2.49396
14.5   -0.13002   2.65187
14.5   -0.112438   2.75854
14.5   -0.094857   2.76372
14.5   -0.0772756   2.76643
14.5   -0.0596942   2.71931
14.5   -0.0421128   2.62374
14.5   -0.0245314   2.52613
14.5   -0.00695006   2.38124
14.5   0.0106313   2.2254
14.5   0.0282127   2.06525
14.5   0.0457941   1.88909
14.5   0.0633755   1.70224
14.5   0.0809569   1.55358
14.5   0.0985383   1.3884
14.5   0.11612   1.25065
14.5   0.133701   1.12386
14.5   0.151282   0.983622
14.5   0.168864   0.850485
14.5   0.186445   0.757507
14.5   0.204027   0.67082
14.5   0.221608   0.587493
14.5   0.239189   0.520761
14.5   0.256771   0.431013
14.5   0.274352   0.381103
14.5   0.291934   0.33511
14.5   0.309515   0.292637
14.5   0.327096   0.253168
14.5   0.344678   0.212476
14.5   0.362259   0.184963
14.5   0.37984   0.160812
14.5   0.397422   0.136408
14.5   0.415003   0.119909
14.5   0.432585   0.103609
14.5   0.450166   0.0915776
14.5   0.467747   0.0798536
14.5   0.485329   0.0668056
14.5   0.50291   0.0613562
14.5   0.520492   0.0537414
14.5   0.538073   0.046712
14.5   0.555654   0.0398373
14.5   0.573236   0.0346768
14.5   0.590817   0.0292559
14.5   0.608399   0.0256261
14.5   0.62598   0.024215
14.5   0.643561   0.0211192
14.5   0.661143   0.0190884
14.5   0.678724   0.0172854
14.5   0.696305   0.013934
14.5   0.713887   0.0126817
14.5   0.731468   0.0120887
14.5   0.74905   0.0101725
14.5   0.766631   0.00966602
14.5   0.784212   0.00885067
14.5   0.801794   0.0073674
14.5   0.819375   0.00698351
14.5   0.836957   0.00588553
14.5   0.854538   0.00564592
14.5   0.872119   0.00484735
14.5   0.889701   0.00447181
14.5   0.907282   0.0036659
14.5   0.924863   0.00352537
14.5   0.942445   0.00308742
14.5   0.960026   0.00273765
14.5   0.977608   0.0027384
14.5   0.995189   0.00261925
14.5   1.01277   0.00198869
14.5   1.03035   0.00197702
14.5   1.04793   0.00223621
14.5   1.06551   0.00159799
14.5   1.0831   0.00122122
14.5   1.10068   0.00130708
14.5   1.11826   0.00143167
14.5   1.13584   0.00119985
14.5   1.15342   0.000996002
14.5   1.171   0.000978644
14.5   1.18858   0.000667225
14.5   1.20617   0.000732725
14.5   1.22375   0.00094731
14.5   1.24133   0.000670177
14.5   1.25891   0.000713372
14.5   1.27649   0.00057513
14.5   1.29407   0.000565106
14.5   1.31165   0.000537906
14.5   1.32924   0.000545581
14.5   1.34682   0.00036855
14.5   1.3644   0.000477349
14.5   1.38198   0.00051755
14.5   1.39956   0.000429073
14.5   1.41714   0.000390366
14.5   1.43472   0.000214795
14.5   1.45231   0.000286427
14.5   1.46989   0.000355497
14.5   1.48747   0.000247422
14.5   1.50505   0.000128705
14.5   1.52263   0.000252925
14.5   1.54021   0.000207097
14.5   1.55779   0.000176356
14.5   1.57537   0.000186612
14.5   1.59296   0.000144069
14.5   1.61054   0.000218771
14.5   1.62812   0.00016438
14.5   1.6457   9.9394e-05
14.5   1.66328   0.000170908
14.5   1.68086   0.00014394
14.5   1.69844   0.000141431
14.5   1.71603   0.000138966
14.5   1.73361   0.000102408
14.5   1.75119   0.000122984
14.5   1.76877   8.78844e-05
14.5   1.78635   7.55587e-05
14.5   1.80393   8.48478e-05
14.5   1.82151   9.37903e-05
14.5   1.8391   0.000102395
14.5   1.85668   1.00611e-05
14.5   1.87426   9.88573e-05
14.5   1.89184   6.79941e-05
14.5   1.90942   5.7265e-05
14.5   1.927   5.6267e-05
14.5   1.94458   9.21439e-05
14.5   1.96217   2.71614e-05
14.5   1.97975   3.55841e-05
14.5   1.99733   8.74098e-05
14.5   2.01491   2.57659e-05
14.5   2.03249   2.53169e-05
14.5   2.05007   3.31676e-05
14.5   2.06765   0
14.5   2.08524   8.00539e-06
14.5   2.10282   2.35976e-05
14.5   2.1204   7.72879e-06
14.5   2.13798   5.31587e-05
14.5   2.15556   2.23853e-05
14.5   2.17314   2.93268e-05
14.5   2.19072   2.88157e-05
14.5   2.2083   5.66271e-05
14.5   2.22589   5.56402e-05
14.5   2.24347   2.73353e-05
14.5   2.26105   5.37177e-05
14.5   2.27863   1.31954e-05
14.5   2.29621   1.29654e-05
14.5   2.31379   1.91092e-05
14.5   2.33137   2.50349e-05
14.5   2.34896   1.84489e-05
14.5   2.36654   6.04247e-06
14.5   2.38412   2.37487e-05
14.5   2.4017   0
14.5   2.41928   1.14641e-05
14.5   2.43686   1.12643e-05
14.5   2.45444   1.1068e-05
14.5   2.47203   1.08751e-05
14.5   2.48961   5.34277e-06
14.5   2.50719   1.04993e-05
14.5   2.52477   5.15816e-06
14.5   2.54235   1.01365e-05
14.5   2.55993   1.99198e-05
14.5   2.57751   0
14.5   2.5951   9.61575e-06
14.5   2.61268   2.36204e-05
14.5   2.63026   0
14.5   2.64784   9.12172e-06
14.5   2.66542   1.34441e-05
14.5   2.683   1.32098e-05
14.5   2.70058   1.29796e-05
14.5   2.71817   8.50227e-06
14.5   2.73575   1.25311e-05
14.5   2.75333   8.2085e-06
14.5   2.77091   8.06544e-06
14.5   2.78849   7.92488e-06
14.5   2.80607   1.16802e-05
14.5   2.82365   0
14.5   2.84123   7.51772e-06
14.5   2.85882   3.69335e-06
14.5   2.8764   0
14.5   2.89398   3.56574e-06
14.5   2.91156   0
14.5   2.92914   0
14.5   2.94672   1.01476e-05
14.5   2.9643   3.32359e-06
14.5   2.98189   3.26567e-06
14.5   2.99947   0
14.5   3.01705   0
14.5   3.03463   0
14.5   3.05221   3.0439e-06
14.5   3.06979   0
14.5   3.08737   5.87745e-06
14.5   3.10496   5.77502e-06
14.5   3.12254   5.67438e-06
14.5   3.14012   2.78774e-06
14.5   3.1577   5.47832e-06
14.5   3.17528   2.69142e-06
14.5   3.19286   5.28903e-06
14.5   3.21044   5.19686e-06
14.5   3.22803   0
14.5   3.24561   0
14.5   3.26319   4.92986e-06
14.5   3.28077   0
14.5   3.29835   4.75952e-06
14.5   3.31593   0
14.5   3.33351   0
14.5   3.35109   0
14.5   3.36868   2.21815e-06
14.5   3.38626   0
14.5   3.40384   4.28302e-06
14.5   3.42142   2.10419e-06
14.5   3.439   2.06752e-06
14.5   3.45658   2.03149e-06
14.5   3.47416   0
14.5   3.49175   0
14.5   3.50933   3.85423e-06
14.5   3.52691   0
14.5   3.54449   1.86053e-06
14.5   3.56207   3.65621e-06
14.5   3.57965   1.79624e-06
14.5   3.59723   3.52988e-06
14.5   3.61482   1.73418e-06
14.5   3.6324   1.70396e-06
14.5   3.64998   0
14.5   3.66756   0
14.5   3.68514   3.23283e-06
14.5   3.70272   0
14.5   3.7203   0
14.5   3.73789   0
14.5   3.75547   1.50664e-06
14.5   3.77305   0
14.5   3.79063   0
14.5   3.80821   0
14.5   3.82579   1.40433e-06
14.5   3.84337   0
14.5   3.86096   2.71161e-06
14.5   3.87854   1.33218e-06
14.5   3.89612   1.30896e-06
14.5   3.9137   0
14.5   3.93128   2.52747e-06
14.5   3.94886   1.24171e-06
14.5   3.96644   2.44014e-06
14.5   3.98402   0
14.5   4.00161   1.17791e-06
14.5   4.01919   0
14.5   4.03677   0
14.5   4.05435   0
14.5   4.07193   0
14.5   4.08951   1.07879e-06
14.5   4.10709   0
14.5   4.12468   0
14.5   4.14226   1.02336e-06
14.5   4.15984   1.00553e-06
14.5   4.17742   0
14.5   4.195   9.70784e-07
14.5   4.21258   0
14.5   4.23016   0
14.5   4.24775   0
14.5   4.26533   0
17   -0.449231   0.00110191
17   -0.431478   0.00324755
17   -0.413725   0.00889446
17   -0.395972   0.0193755
17   -0.378219   0.0418013
17   -0.360466   0.07544
17   -0.342713   0.145613
17   -0.32496   0.240542
17   -0.307206   0.3758
17   -0.289453   0.54345
17   -0.2717   0.748281
17   -0.253947   0.992705
17   -0.236194   1.26829
17   -0.218441   1.55708
17   -0.200688   1.82821
17   -0.182935   2.05693
17   -0.165182   2.30968
17   -0.147429   2.50594
17   -0.129675   2.64996
17   -0.111922   2.73738
17   -0.0941693   2.77005
17   -0.0764162   2.79044
17   -0.0586631   2.72697
17   -0.04091   2.62611
17   -0.0231569   2.50892
17   -0.00540379   2.34144
17   0.0123493   2.19859
17   0.0301024   2.05501
17   0.0478555   1.87456
17   0.0656086   1.69275
17   0.0833617   1.53841
17   0.101115   1.37828
17   0.118868   1.22689
17   0.136621   1.07215
17   0.154374   0.948872
17   0.172127   0.834986
17   0.18988   0.727405
17   0.207633   0.641581
17   0.225386   0.552991
17   0.24314   0.484313
17   0.260893   0.423839
17   0.278646   0.367181
17   0.296399   0.318993
17   0.314152   0.270846
17   0.331905   0.232413
17   0.349658   0.206829
17   0.367411   0.17955
17   0.385164   0.15556
17   0.402917   0.134665
17   0.420671   0.11664
17   0.438424   0.0982178
17   0.456177   0.0875373
17   0.47393   0.0746952
17   0.491683   0.0671256
17   0.509436   0.0567268
17   0.527189   0.0499181
17   0.544942   0.0402177
17   0.562695   0.039328
17   0.580448   0.0348439
17   0.598202   0.0283968
17   0.615955   0.0258946
17   0.633708   0.0232681
17   0.651461   0.0205928
17   0.669214   0.017448
17   0.686967   0.0151471
17   0.70472   0.0133956
17   0.722473   0.0127564
17   0.740226   0.0110684
17   0.757979   0.0107837
17   0.775733   0.00788664
17   0.793486   0.00722748
17   0.811239   0.00692989
17   0.828992   0.00658474
17   0.846745   0.00504353
17   0.864498   0.00498171
17   0.882251   0.00460305
17   0.900004   0.00426217
17   0.917757   0.0037276
17   0.93551   0.00290954
17   0.953264   0.00295691
17   0.971017   0.00295329
17   0.98877   0.0028062
17   1.00652   0.00228956
17   1.02428   0.00213451
17   1.04203   0.00187147
17   1.05978   0.00186069
17   1.07754   0.00167562
17   1.09529   0.00153925
17   1.11304   0.00121813
17   1.13079   0.00138239
17   1.14855   0.00121618
17   1.1663   0.00117486
17   1.18405   0.00099769
17   1.20181   0.000711077
17   1.21956   0.000736325
17   1.23731   0.000741917
17   1.25507   0.000619532
17   1.27282   0.000537027
17   1.29057   0.000597921
17   1.30833   0.000656506
17   1.32608   0.000458256
17   1.34383   0.000433519
17   1.36158   0.000475032
17   1.37934   0.000386212
17   1.39709   0.000395225
17   1.41484   0.00038827
17   1.4326   0.000564529
17   1.45035   0.000389715
17   1.4681   0.000441759
17   1.48586   0.000376121
17   1.50361   0.000241598
17   1.52136   0.000279231
17   1.53912   0.000384045
17   1.55687   0.000161694
17   1.57462   0.000145612
17   1.59238   0.000208072
17   1.61013   0.000191635
17   1.62788   0.000138059
17   1.64563   0.00020961
17   1.66339   0.00015747
17   1.68114   7.13994e-05
17   1.69889   0.000116905
17   1.71665   0.000114848
17   1.7344   6.76962e-05
17   1.75215   0.00013301
17   1.76991   0.000108891
17   1.78766   0.000149765
17   1.80541   3.15278e-05
17   1.82317   4.12974e-05
17   1.84092   7.09987e-05
17   1.85867   6.97494e-05
17   1.87642   7.83109e-05
17   1.89418   5.76997e-05
17   1.91193   0.000151158
17   1.92968   5.5687e-05
17   1.94744   3.64714e-05
17   1.96519   3.58296e-05
17   1.98294   5.27987e-05
17   2.0007   6.05146e-05
17   2.01845   2.54785e-05
17   2.0362   8.34338e-05
17   2.05396   6.55725e-05
17   2.07171   4.8314e-05
17   2.08946   3.95532e-05
17   2.10721   6.21715e-05
17   2.12497   7.63469e-06
17   2.14272   3.00014e-05
17   2.16047   2.94735e-05
17   2.17823   2.89548e-05
17   2.19598   1.42227e-05
17   2.21373   2.79448e-05
17   2.23149   3.43163e-05
17   2.24924   2.02275e-05
17   2.26699   6.62386e-06
17   2.28475   3.25365e-05
17   2.3025   1.27856e-05
17   2.32025   3.14015e-05
17   2.33801   1.85094e-05
17   2.35576   2.42449e-05
17   2.37351   1.19091e-05
17   2.39126   2.33992e-05
17   2.40902   4.0228e-05
17   2.42677   2.82287e-05
17   2.44452   2.21855e-05
17   2.46228   5.44879e-06
17   2.48003   1.60587e-05
17   2.49778   2.10349e-05
17   2.51554   2.58309e-05
17   2.53329   1.01506e-05
17   2.55104   1.49579e-05
17   2.5688   1.46947e-05
17   2.58655   1.44361e-05
17   2.6043   4.72737e-06
17   2.62205   9.28837e-06
17   2.63981   9.12493e-06
17   2.65756   4.48218e-06
17   2.67531   4.40331e-06
17   2.69307   4.32583e-06
17   2.71082   8.49942e-06
17   2.72857   8.34986e-06
17   2.74633   8.20293e-06
17   2.76408   4.02929e-06
17   2.78183   3.95839e-06
17   2.79959   7.77748e-06
17   2.81734   1.14609e-05
17   2.83509   1.12593e-05
17   2.85285   0
17   2.8706   3.62217e-06
17   2.88835   3.55843e-06
17   2.9061   3.49581e-06
17   2.92386   3.4343e-06
17   2.94161   0
17   2.95936   1.3258e-05
17   2.97712   6.51235e-06
17   2.99487   0
17   3.01262   9.42777e-06
17   3.03038   1.23492e-05
17   3.04813   0
17   3.06588   8.93879e-06
17   3.08364   0
17   3.10139   8.62698e-06
17   3.11914   8.47517e-06
17   3.13689   0
17   3.15465   0
17   3.1724   0
17   3.19015   5.2628e-06
17   3.20791   5.1702e-06
17   3.22566   0
17   3.24341   0
17   3.26117   0
17   3.27892   4.81578e-06
17   3.29667   0
17   3.31443   0
17   3.33218   2.283e-06
17   3.34993   4.48566e-06
17   3.36768   4.40673e-06
17   3.38544   0
17   3.40319   0
17   3.42094   0
17   3.4387   4.10465e-06
17   3.45645   2.01621e-06
17   3.4742   0
17   3.49196   1.94588e-06
17   3.50971   0
17   3.52746   0
17   3.54522   0
17   3.56297   1.81249e-06
17   3.58072   0
17   3.59848   0
17   3.61623   1.71848e-06
17   3.63398   0
17   3.65173   0
17   3.66949   1.62935e-06
17   3.68724   3.20136e-06
17   3.70499   0
17   3.72275   0
17   3.7405   0
17   3.75825   1.49096e-06
17   3.77601   4.39416e-06
17   3.79376   0
17   3.81151   0
17   3.82927   1.38875e-06
17   3.84702   1.36431e-06
17   3.86477   2.68061e-06
17   3.88252   1.31672e-06
17   3.90028   1.29355e-06
17   3.91803   1.27079e-06
17   3.93578   0
17   3.95354   0
17   3.97129   0
17   3.98904   0
25   -0.466774   0.00020617
25   -0.44916   0.00081028
25   -0.431546   0.00278646
25   -0.413932   0.00684453
25   -0.396318   0.0166204
25   -0.378704   0.0348315
25   -0.36109   0.0685395
25   -0.343475   0.126393
25   -0.325861   0.20835
25   -0.308247   0.324619
25   -0.290633   0.492862
25   -0.273019   0.66685
25   -0.255405   0.923231
25   -0.237791   1.178
25   -0.220177   1.44615
25   -0.202563   1.73623
25   -0.184949   1.98759
25   -0.167335   2.23629
25   -0.14972   2.43088
25   -0.132106   2.57816
25   -0.114492   2.6976
25   -0.0968781   2.74713
25   -0.079264   2.78684
25   -0.0616499   2.74141
25   -0.0440358   2.65342
25   -0.0264217   2.55898
25   -0.00880764   2.43559
25   0.00880646   2.29363
25   0.0264206   2.10213
25   0.0440347   1.9398
25   0.0616488   1.78579
25   0.0792629   1.60324
25   0.0968769   1.4477
25   0.114491   1.29705
25   0.132105   1.15093
25   0.149719   1.02789
25   0.167333   0.905398
25   0.184947   0.775376
25   0.202562   0.697863
25   0.220176   0.612915
25   0.23779   0.530262
25   0.255404   0.460222
25   0.273018   0.39281
25   0.290632   0.343079
25   0.308246   0.300663
25   0.32586   0.257664
25   0.343474   0.224145
25   0.361088   0.196357
25   0.378703   0.168231
25   0.396317   0.143985
25   0.413931   0.127243
25   0.431545   0.109782
25   0.449159   0.0969757
25   0.466773   0.0840156
25   0.484387   0.0731509
25   0.502001   0.0600969
25   0.519615   0.0542423
25   0.537229   0.0469497
25   0.554843   0.0403034
25   0.572458   0.0364274
25   0.590072   0.0319578
25   0.607686   0.0280557
25   0.6253   0.0243147
25   0.642914   0.0217832
25   0.660528   0.0201007
25   0.678142   0.017486
25   0.695756   0.0156657
25   0.71337   0.0141254
25   0.730984   0.0122917
25   0.748599   0.0114962
25   0.766213   0.00997364
25   0.783827   0.00796947
25   0.801441   0.00774332
25   0.819055   0.00723769
25   0.836669   0.00593543
25   0.854283   0.00574928
25   0.871897   0.00518942
25   0.889511   0.00401
25   0.907125   0.00357469
25   0.92474   0.00356355
25   0.942354   0.00327463
25   0.959968   0.00316795
25   0.977582   0.00262629
25   0.995196   0.00234151
25   1.01281   0.00253538
25   1.03042   0.00221432
25   1.04804   0.0019037
25   1.06565   0.00204861
25   1.08327   0.00155339
25   1.10088   0.00148327
25   1.11849   0.00120392
25   1.13611   0.00114139
25   1.15372   0.00091756
25   1.17134   0.000981676
25   1.18895   0.00106296
25   1.20657   0.000850992
25   1.22418   0.000741119
25   1.24179   0.000784193
25   1.25941   0.000678774
25   1.27702   0.000594823
25   1.29464   0.000460466
25   1.31225   0.000591635
25   1.32986   0.00042743
25   1.34748   0.000419967
25   1.36509   0.00042914
25   1.38271   0.000389213
25   1.40032   0.000302747
25   1.41793   0.000391396
25   1.43555   0.000276885
25   1.45316   0.000196481
25   1.47078   0.0002376
25   1.48839   0.000175089
25   1.506   0.000243712
25   1.52362   0.000239457
25   1.54123   0.000249116
25   1.55885   0.000312757
25   1.57646   0.000146968
25   1.59408   0.000196911
25   1.61169   0.00014188
25   1.6293   0.000164749
25   1.64692   0.000149421
25   1.66453   0.000122343
25   1.68215   0.000132228
25   1.69976   0.000129919
25   1.71737   0.000127651
25   1.73499   0.000136824
25   1.7526   6.72176e-05
25   1.77022   7.70514e-05
25   1.78783   0.000108152
25   1.80544   0.00011689
25   1.82306   7.30855e-05
25   1.84067   2.0517e-05
25   1.85829   6.04763e-05
25   1.8759   3.96136e-05
25   1.89351   0.000107035
25   1.91113   6.69241e-05
25   1.92874   6.57556e-05
25   1.94636   4.61483e-05
25   1.96397   2.72055e-05
25   1.98159   6.23712e-05
25   1.9992   3.50184e-05
25   2.01681   5.16105e-05
25   2.03443   1.69031e-05
25   2.05204   7.47359e-05
25   2.06966   5.7113e-05
25   2.08727   4.80993e-05
25   2.10488   3.15063e-05
25   2.1225   3.86953e-05
25   2.14011   1.52079e-05
25   2.15773   2.98847e-05
25   2.17534   2.93629e-05
25   2.19295   4.32754e-05
25   2.21057   2.83465e-05
25   2.22818   2.78516e-05
25   2.2458   1.36827e-05
25   2.26341   1.34438e-05
25   2.28103   4.62316e-05
25   2.29864   1.29784e-05
25   2.31625   2.55036e-05
25   2.33387   1.25292e-05
25   2.35148   1.23104e-05
25   2.3691   1.20955e-05
25   2.38671   1.78264e-05
25   2.40432   5.83839e-06
25   2.42194   5.73645e-06
25   2.43955   1.12726e-05
25   2.45717   3.32273e-05
25   2.47478   0
25   2.49239   2.67309e-05
25   2.51001   3.15171e-05
25   2.52762   1.03223e-05
25   2.54524   5.07102e-06
25   2.56285   4.98248e-06
25   2.58046   1.46865e-05
25   2.59808   4.81001e-06
25   2.61569   1.89041e-05
25   2.63331   1.85741e-05
25   2.65092   0
25   2.66854   2.68967e-05
25   2.68615   1.7618e-05
25   2.70376   4.32761e-06
25   2.72138   8.5041e-06
25   2.73899   4.17781e-06
25   2.75661   8.20973e-06
25   2.77422   1.61328e-05
25   2.79183   0
25   2.80945   3.89359e-06
25   2.82706   1.53024e-05
25   2.84468   3.75881e-06
25   2.86229   0
25   2.8799   7.2574e-06
25   2.89752   3.56534e-06
25   2.91513   1.05093e-05
25   2.93275   3.44193e-06
25   2.95036   3.38183e-06
25   2.96797   6.64557e-06
25   2.98559   3.26477e-06
25   3.0032   6.41554e-06
25   3.02082   0
25   3.03843   3.09673e-06
25   3.05605   3.04266e-06
25   3.07366   5.97908e-06
25   3.09127   5.87468e-06
25   3.10889   0
25   3.1265   5.67133e-06
25   3.14412   2.78615e-06
25   3.16173   8.21253e-06
25   3.17934   8.06914e-06
25   3.19696   2.64275e-06
25   3.21457   5.19322e-06
25   3.23219   2.55127e-06
25   3.2498   2.50673e-06
25   3.26741   2.46296e-06
25   3.28503   2.41996e-06
25   3.30264   4.75541e-06
25   3.32026   2.33619e-06
25   3.33787   0
25   3.35549   2.25532e-06
25   3.3731   2.21595e-06
25   3.39071   8.70902e-06
25   3.40833   0
25   3.42594   2.10189e-06
25   3.44356   0
25   3.46117   0
25   3.47878   0
25   3.4964   0
